1946993372
1931040173
1931040173
1931040173
1931040173
1092496091
1354612844
9911882620
9911882620
1092496091
1092496091
1354612844
2144404884
2144404884
2144404884
2144404884
2144404884
2144404884
2144404884
2144404884
1946993372
071460-3940
9655449484
2012120313
542-3620347
9655449484
2144404884
1380448787
2144404884
2019699982
2144404884
1189563006
2144404884
1904233818
2144404884
2144404884
1437679993
2144404884
1338369270
2144404884
1725117636
2012120420
2144404884
1130824504
2144404884
2130106952
2012120420
2144404884
2144404884
1634622757
118-2012120
2144404884
1775263180
1354604921
1354604921
1354604921
1354604921
1354611709
1354611709
1354611709
1354611709
1354611126
1354611126
1354611126
1354611126
1354612038
1354612038
1354612038
1354612038
1354611685
1354611685
1354611685
1354611685
6584343182
1931040173
3333333333
3333333333
3333333333
2144404884
1946993372
1354612844
2144404884
2144404884
4775832391
2145180269
(2144404884
2144404884
2144404884
2144404884
2144404884
2144404884
2144404884
2144404884
1000189938
1931040173
1931040173
1931040173
1931040173
2144404884
1931040173
1931040173
2144404884
1000189938
2144404884
2144404884
1946993372
1092496091
1354612867
9911882620
9911882620
1092496091
1092496091
1354612867
2144404884
2144404884
2144404884
2144404884
2144404884
2144404884
2144404884
2144404884
1946993372
071460-3940
9655449484
2012120313
542-3620347
9655449484
2144404884
1580229187
2144404884
2144404884
2144404884
1989732760
2144404884
2144404884
1472178208
2144404884
2144404884
1715261109
2012120420
2144404884
1406923007
2144404884
2012120420
2144404884
2144404884
1080825149
118-2012120
2144404884
1354604921
1354604921
1354604921
1354604921
1354611709
1354611709
1354611709
1354611709
1354611126
1354611126
1354611126
1354611126
1354612038
1354612038
1354612038
1354612038
1354611685
1354611685
1354611685
1354611685
6584343182
3333333333
3333333333
3333333333
2144404884
1946993372
1354612867
2144404884
2144404884
4775832391
2145180269
(2144404884
2144404884
2144404884
2144404884
2144404884
2144404884
2144404884
2144404884
1000189938
2144404884
2144404884
1000189938
2144404884
2144404884
